6.735717693601009914e-01
-1.077256140081912728e+00
-1.259444710097203046e+00
2.065552179956221535e-01
-1.772228707413106008e+00
1.527397673364176534e+00
-2.082650438805252247e+00
-1.004480486054211363e+00
-6.859341935519445155e-01
1.697993592154397602e+00
5.565912388664094879e-01
4.834751041441254782e-01
6.164059286878053046e-01
5.366890889925005625e-01
5.517117179946080530e-01
1.115720675736102896e+00
8.296110343745048687e-02
9.043205155147112512e-03
1.548646220508311799e+00
-1.587971254079081351e+00
-1.479098379013009001e+00
-2.406249617110140793e-01
-6.970294091833049155e-01
4.455664894926036346e-01
-6.630998811918774605e-01
7.057792298781159213e-01
-4.344378027219257532e-03
-5.999146997445799906e-02
-5.685475083287736681e-02
-2.138113353745215717e-01
-2.033523717021133326e+00
2.324648093381281644e+00
-8.582009020905864149e-01
-2.636594601880551392e-01
8.745394731775837371e-01
-1.600956930870149231e+00
5.910752123221588716e-01
2.768615103720039605e-01
1.182108430046204146e-02
7.547979384410510306e-01
5.286005218183198462e-01
-1.091869759656081268e-01
-1.166068104594931709e+00
-4.846158111015239633e-01
-1.332805872493684873e+00
1.033814240219997682e+00
1.039232938645572091e+00
4.895762463542767118e-01
-9.198440857210397892e-02
2.108992172985678926e-01
-1.133713269848388938e+00
1.099479064122826255e+00
3.349557355188920726e-01
-2.044186815539552615e+00
-1.517010672858885911e+00
-2.427824161104738199e+00
-1.329799681376007792e+00
6.427198197738487329e-02
1.647037576665779431e-03
-1.034208319540981913e+00
3.750911394519490516e-02
-1.073894974194146285e-01
-1.058724965246228278e-01
4.096645846066381824e-01
4.541624405162381084e-01
-8.148461358428372714e-01
-5.842167269639132465e-01
-2.008579100242579574e-01
-3.098796958082906117e-01
-8.398528527402249200e-01
3.527675598022675385e-02
7.902250879715762011e-01
-8.166075817972775486e-01
-4.398675100660292547e-01
5.375458373532530088e-01
1.955452275010774565e+00
5.729541160304494340e-01
-7.113132174940064445e-01
-1.699955307109447256e-01
1.057602603491897053e+00
-6.143114371219756675e-01
-2.473648579047653950e-01
-4.801845499558730079e-01
1.495910454142073132e+00
1.262040668837094870e+00
-3.288339594781181097e-01
9.352077419137408976e-01
-4.187728465243837350e-01
-1.133650182918449073e-01
-5.003569988003311320e-01
-3.782677956945060815e-01
-5.477609867678307626e-02
-1.137946846000524204e+00
9.758152136155022749e-01
-1.183377751965663194e+00
-7.458523094498989425e-02
2.081649086887422118e-01
1.650056990581652006e+00
-6.232989838969821283e-01
1.643828303913531241e-01
