9.172000000000000597e+00
9.349999999999999645e+00
9.483000000000000540e+00
9.557999999999999829e+00
9.775000000000000355e+00
1.022700000000000031e+01
1.040600000000000058e+01
1.608399999999999963e+01
1.617000000000000171e+01
1.841900000000000048e+01
1.855199999999999960e+01
1.860000000000000142e+01
1.892699999999999960e+01
1.905199999999999960e+01
1.907000000000000028e+01
1.932999999999999829e+01
1.934299999999999997e+01
1.934900000000000020e+01
1.944000000000000128e+01
1.947299999999999898e+01
1.952899999999999991e+01
1.954100000000000037e+01
1.954700000000000060e+01
1.966300000000000026e+01
1.984600000000000009e+01
1.985600000000000165e+01
1.986299999999999955e+01
1.991400000000000148e+01
1.991799999999999926e+01
1.997299999999999898e+01
1.998900000000000077e+01
2.016600000000000037e+01
2.017500000000000071e+01
2.017899999999999849e+01
2.019600000000000151e+01
2.021499999999999986e+01
2.022100000000000009e+01
2.041499999999999915e+01
2.062900000000000134e+01
2.079500000000000171e+01
2.082100000000000151e+01
2.084600000000000009e+01
2.087500000000000000e+01
2.098600000000000065e+01
2.113700000000000045e+01
2.149200000000000088e+01
2.170100000000000051e+01
2.181400000000000006e+01
2.192099999999999937e+01
2.196000000000000085e+01
2.218499999999999872e+01
2.220899999999999963e+01
2.224200000000000088e+01
2.224899999999999878e+01
2.231400000000000006e+01
2.237399999999999878e+01
2.249500000000000099e+01
2.274599999999999866e+01
2.274699999999999989e+01
2.288800000000000168e+01
2.291400000000000148e+01
2.320599999999999952e+01
2.324099999999999966e+01
2.326300000000000168e+01
2.348400000000000176e+01
2.353800000000000026e+01
2.354200000000000159e+01
2.366600000000000037e+01
2.370599999999999952e+01
2.371099999999999852e+01
2.412900000000000134e+01
2.428500000000000014e+01
2.428900000000000148e+01
2.436599999999999966e+01
2.471699999999999875e+01
2.498999999999999844e+01
2.563299999999999912e+01
2.696000000000000085e+01
2.699500000000000099e+01
3.206499999999999773e+01
3.278900000000000148e+01
3.427900000000000347e+01
