0.000000000000000000e+00 -4.123872990050566623e-01 0.000000000000000000e+00
1.000000000000000056e-01 7.951932664634433490e-01 0.000000000000000000e+00
2.000000000000000111e-01 5.893624635239411713e-01 0.000000000000000000e+00
3.000000000000000444e-01 -1.691974329431952251e-01 0.000000000000000000e+00
4.000000000000000222e-01 4.163972411602995805e-01 0.000000000000000000e+00
5.000000000000000000e-01 1.641164368831711462e+00 0.000000000000000000e+00
6.000000000000000888e-01 -2.966634616475574138e-01 0.000000000000000000e+00
7.000000000000000666e-01 7.992138599377973662e-01 0.000000000000000000e+00
8.000000000000000444e-01 1.744056053394297034e+00 0.000000000000000000e+00
9.000000000000000222e-01 7.801338013094696322e-01 0.000000000000000000e+00
1.000000000000000000e+00 9.855107572680639194e-01 0.000000000000000000e+00
1.100000000000000089e+00 1.401178002317992943e+00 0.000000000000000000e+00
1.200000000000000178e+00 2.331780384822579322e+00 0.000000000000000000e+00
1.300000000000000044e+00 1.418571458653877349e+00 0.000000000000000000e+00
1.400000000000000133e+00 1.681279134969908995e+00 0.000000000000000000e+00
1.500000000000000000e+00 1.862196465405811407e+00 0.000000000000000000e+00
1.600000000000000089e+00 3.365688043433960885e+00 0.000000000000000000e+00
1.700000000000000178e+00 3.542308401310595656e+00 0.000000000000000000e+00
1.800000000000000044e+00 3.135192120703369500e+00 0.000000000000000000e+00
1.900000000000000133e+00 3.003867504410200784e+00 0.000000000000000000e+00
2.000000000000000000e+00 3.346268792123945790e+00 0.000000000000000000e+00
2.100000000000000089e+00 3.875744659019059846e+00 0.000000000000000000e+00
2.200000000000000178e+00 2.799272958486844320e+00 0.000000000000000000e+00
2.300000000000000266e+00 3.975403055540741359e+00 0.000000000000000000e+00
2.400000000000000355e+00 2.865287848655860614e+00 0.000000000000000000e+00
2.500000000000000000e+00 3.264871106182856142e+00 0.000000000000000000e+00
2.600000000000000089e+00 4.119085188610911885e+00 0.000000000000000000e+00
2.700000000000000178e+00 3.027536189168996916e+00 0.000000000000000000e+00
2.800000000000000266e+00 3.747413181637889945e+00 0.000000000000000000e+00
2.900000000000000355e+00 3.465952326203127765e+00 0.000000000000000000e+00
3.000000000000000000e+00 3.856259078136789586e+00 0.000000000000000000e+00
3.100000000000000089e+00 2.682975647318109225e+00 0.000000000000000000e+00
3.200000000000000178e+00 3.307524271299701280e+00 0.000000000000000000e+00
3.300000000000000266e+00 3.967613023631211711e+00 0.000000000000000000e+00
3.400000000000000355e+00 4.917722979991670407e+00 0.000000000000000000e+00
3.500000000000000000e+00 4.513349545707337818e+00 0.000000000000000000e+00
3.600000000000000089e+00 4.753909174350376077e+00 0.000000000000000000e+00
3.700000000000000178e+00 5.250665764715695794e+00 0.000000000000000000e+00
3.800000000000000266e+00 4.617833888896283767e+00 0.000000000000000000e+00
3.900000000000000355e+00 5.342759253511577988e+00 0.000000000000000000e+00
4.000000000000000000e+00 4.929758521954174633e+00 0.000000000000000000e+00
4.100000000000000533e+00 4.585054246490143370e+00 0.000000000000000000e+00
4.200000000000000178e+00 5.352886440946521773e+00 0.000000000000000000e+00
4.299999999999999822e+00 5.917173419794065303e+00 0.000000000000000000e+00
4.400000000000000355e+00 5.864956415487633024e+00 0.000000000000000000e+00
4.500000000000000000e+00 5.740950570794783658e+00 0.000000000000000000e+00
4.600000000000000533e+00 6.983570622003641759e+00 0.000000000000000000e+00
4.700000000000000178e+00 6.027993739554089458e+00 0.000000000000000000e+00
4.800000000000000711e+00 6.343370178511592350e+00 0.000000000000000000e+00
4.900000000000000355e+00 7.008456290714471848e+00 0.000000000000000000e+00
5.000000000000000000e+00 5.284707162265222635e+00 0.000000000000000000e+00
5.100000000000000533e+00 5.464829051216416822e+00 0.000000000000000000e+00
5.200000000000000178e+00 6.920537528786420367e+00 0.000000000000000000e+00
5.300000000000000711e+00 5.726534666744702129e+00 0.000000000000000000e+00
5.400000000000000355e+00 6.228678518595442526e+00 0.000000000000000000e+00
5.500000000000000000e+00 6.845729330800818246e+00 0.000000000000000000e+00
5.600000000000000533e+00 6.859051731667238805e+00 0.000000000000000000e+00
5.700000000000000178e+00 7.394789517779310373e+00 0.000000000000000000e+00
5.800000000000000711e+00 7.365089297931161738e+00 0.000000000000000000e+00
5.900000000000000355e+00 7.243496126173288197e+00 0.000000000000000000e+00
6.000000000000000000e+00 6.401469259587702965e+00 0.000000000000000000e+00
6.100000000000000533e+00 7.248591420609232117e+00 0.000000000000000000e+00
6.200000000000000178e+00 7.054017603230589017e+00 0.000000000000000000e+00
6.300000000000000711e+00 6.261365685240845913e+00 0.000000000000000000e+00
6.400000000000000355e+00 7.643654307168906925e+00 0.000000000000000000e+00
6.500000000000000000e+00 7.334398329835484454e+00 0.000000000000000000e+00
6.600000000000000533e+00 6.938099320515219048e+00 0.000000000000000000e+00
6.700000000000000178e+00 6.776515203430332868e+00 0.000000000000000000e+00
6.800000000000000711e+00 6.269462455419338553e+00 0.000000000000000000e+00
6.900000000000000355e+00 6.946399746322610369e+00 0.000000000000000000e+00
7.000000000000000000e+00 7.065444824655511269e+00 0.000000000000000000e+00
7.100000000000000533e+00 6.409948918636739101e+00 0.000000000000000000e+00
7.200000000000000178e+00 7.412545485154117486e+00 0.000000000000000000e+00
7.300000000000000711e+00 6.300842000139834198e+00 0.000000000000000000e+00
7.400000000000000355e+00 5.816962145484337654e+00 0.000000000000000000e+00
7.500000000000000000e+00 7.436116688036788602e+00 0.000000000000000000e+00
7.600000000000000533e+00 6.757438240174013622e+00 0.000000000000000000e+00
7.700000000000000178e+00 6.939756043606496227e+00 0.000000000000000000e+00
7.800000000000000711e+00 6.623722040556559776e+00 0.000000000000000000e+00
7.900000000000000355e+00 6.270633834045881372e+00 0.000000000000000000e+00
8.000000000000000000e+00 7.719699957585246963e+00 0.000000000000000000e+00
8.099999999999999645e+00 6.750292021266036002e+00 0.000000000000000000e+00
8.200000000000001066e+00 7.910126213208435786e+00 0.000000000000000000e+00
8.300000000000000711e+00 7.450042639909556286e+00 0.000000000000000000e+00
8.400000000000000355e+00 6.838584145560449912e+00 0.000000000000000000e+00
8.500000000000000000e+00 6.387828861982768558e+00 0.000000000000000000e+00
8.599999999999999645e+00 6.488164851850743986e+00 0.000000000000000000e+00
8.700000000000001066e+00 6.164909536781837396e+00 0.000000000000000000e+00
8.800000000000000711e+00 7.729401344406513275e+00 0.000000000000000000e+00
8.900000000000000355e+00 6.685291898181331405e+00 0.000000000000000000e+00
9.000000000000000000e+00 7.102070382694167350e+00 0.000000000000000000e+00
9.099999999999999645e+00 5.827034963169102966e+00 0.000000000000000000e+00
9.200000000000001066e+00 6.496747852848194782e+00 0.000000000000000000e+00
9.300000000000000711e+00 6.952950083311391971e+00 0.000000000000000000e+00
9.400000000000000355e+00 6.165584216334636380e+00 0.000000000000000000e+00
9.500000000000000000e+00 6.826628575549515965e+00 0.000000000000000000e+00
9.600000000000001421e+00 5.752161886160403803e+00 0.000000000000000000e+00
9.700000000000001066e+00 5.597157574937592805e+00 0.000000000000000000e+00
9.800000000000000711e+00 6.449418663628756931e+00 0.000000000000000000e+00
9.900000000000000355e+00 6.042723742678821175e+00 0.000000000000000000e+00
1.000000000000000000e+01 6.513633173772210405e+00 0.000000000000000000e+00
1.010000000000000142e+01 5.148529459351473214e+00 0.000000000000000000e+00
1.020000000000000107e+01 6.421171434642911180e+00 0.000000000000000000e+00
1.030000000000000071e+01 7.274016935916009174e+00 0.000000000000000000e+00
1.040000000000000036e+01 5.855683937038548059e+00 0.000000000000000000e+00
1.050000000000000000e+01 5.763936882489114844e+00 0.000000000000000000e+00
1.060000000000000142e+01 5.704827693587563253e+00 0.000000000000000000e+00
1.070000000000000107e+01 4.545955320313986192e+00 0.000000000000000000e+00
1.080000000000000071e+01 5.550372716304495135e+00 0.000000000000000000e+00
1.090000000000000036e+01 4.398095317896260070e+00 0.000000000000000000e+00
1.100000000000000000e+01 4.857745976634635809e+00 0.000000000000000000e+00
1.110000000000000142e+01 5.574291562763596275e+00 0.000000000000000000e+00
1.120000000000000107e+01 4.478956640986036852e+00 0.000000000000000000e+00
1.130000000000000071e+01 5.003851591066600157e+00 0.000000000000000000e+00
1.140000000000000036e+01 5.178246804660645353e+00 0.000000000000000000e+00
1.150000000000000000e+01 4.739537815150447031e+00 0.000000000000000000e+00
1.160000000000000142e+01 3.849126467784583117e+00 0.000000000000000000e+00
1.170000000000000107e+01 4.304641316136117446e+00 0.000000000000000000e+00
1.180000000000000071e+01 5.384033436113500493e+00 0.000000000000000000e+00
1.190000000000000036e+01 3.317836122195940707e+00 0.000000000000000000e+00
1.200000000000000000e+01 4.107031761759448507e+00 0.000000000000000000e+00
1.210000000000000142e+01 3.868864542035120646e+00 0.000000000000000000e+00
1.220000000000000107e+01 4.088858164645525761e+00 0.000000000000000000e+00
1.230000000000000071e+01 4.269311660757246329e+00 0.000000000000000000e+00
1.240000000000000036e+01 4.550487013441297357e+00 0.000000000000000000e+00
1.250000000000000000e+01 3.448630661404981979e+00 0.000000000000000000e+00
1.260000000000000142e+01 3.817789908799265941e+00 0.000000000000000000e+00
1.270000000000000107e+01 3.484031292700622284e+00 0.000000000000000000e+00
1.280000000000000071e+01 3.293326600259208981e+00 0.000000000000000000e+00
1.290000000000000036e+01 2.600327875534219402e+00 0.000000000000000000e+00
1.300000000000000000e+01 2.218067764497425820e+00 0.000000000000000000e+00
1.310000000000000142e+01 2.012663944866218468e+00 0.000000000000000000e+00
1.320000000000000107e+01 2.043909625699637633e+00 0.000000000000000000e+00
1.330000000000000071e+01 2.456431331875163604e+00 0.000000000000000000e+00
1.340000000000000036e+01 2.562588759915886527e+00 0.000000000000000000e+00
1.350000000000000000e+01 2.241106527143517990e+00 0.000000000000000000e+00
1.360000000000000142e+01 1.709401505414579026e+00 0.000000000000000000e+00
1.370000000000000107e+01 2.794334824844093124e+00 0.000000000000000000e+00
1.380000000000000071e+01 2.556555324940939844e+00 0.000000000000000000e+00
1.390000000000000036e+01 1.519621234057557668e+00 0.000000000000000000e+00
1.400000000000000000e+01 1.174094135376706038e+00 0.000000000000000000e+00
1.410000000000000142e+01 1.526700283167208516e+00 0.000000000000000000e+00
1.420000000000000107e+01 1.955774187933439379e+00 0.000000000000000000e+00
1.430000000000000071e+01 1.333379975874595891e+00 0.000000000000000000e+00
1.440000000000000036e+01 1.275559451223513552e+00 0.000000000000000000e+00
1.450000000000000000e+01 7.094060391453218539e-01 0.000000000000000000e+00
1.460000000000000142e+01 8.532238760261720012e-01 0.000000000000000000e+00
1.470000000000000107e+01 1.202894836862265171e+00 0.000000000000000000e+00
1.480000000000000071e+01 1.170018823943577424e-01 0.000000000000000000e+00
1.490000000000000036e+01 1.200856057793843190e-01 0.000000000000000000e+00
1.500000000000000000e+01 -3.519764370405853438e-03 0.000000000000000000e+00
1.510000000000000142e+01 -1.546578652861344549e-01 0.000000000000000000e+00
1.520000000000000107e+01 -1.153817652533558391e+00 0.000000000000000000e+00
1.530000000000000071e+01 -1.522384251952797918e+00 0.000000000000000000e+00
1.540000000000000036e+01 -1.215524902605487290e+00 0.000000000000000000e+00
1.550000000000000000e+01 -7.314749525822994425e-01 0.000000000000000000e+00
1.560000000000000142e+01 -6.397480770473766842e-01 0.000000000000000000e+00
1.570000000000000107e+01 -1.279007454252698572e+00 0.000000000000000000e+00
1.580000000000000071e+01 -4.224591826078771817e-01 0.000000000000000000e+00
1.590000000000000036e+01 -1.285091989605112506e+00 0.000000000000000000e+00
1.600000000000000000e+01 -1.314795833961777349e+00 0.000000000000000000e+00
1.610000000000000142e+01 -1.545514422062771009e+00 0.000000000000000000e+00
1.619999999999999929e+01 -1.519072175387101487e+00 0.000000000000000000e+00
1.630000000000000071e+01 -1.385785419974402854e+00 0.000000000000000000e+00
1.640000000000000213e+01 -1.570443395836778500e+00 0.000000000000000000e+00
1.650000000000000000e+01 -2.528583573519864292e+00 0.000000000000000000e+00
1.660000000000000142e+01 -1.500891113831968049e+00 0.000000000000000000e+00
1.669999999999999929e+01 -2.996428585537159517e+00 0.000000000000000000e+00
1.680000000000000071e+01 -2.593551664718624750e+00 0.000000000000000000e+00
1.690000000000000213e+01 -2.947972591583952529e+00 0.000000000000000000e+00
1.700000000000000000e+01 -3.502080342835069526e+00 0.000000000000000000e+00
1.710000000000000142e+01 -3.167938938930575876e+00 0.000000000000000000e+00
1.719999999999999929e+01 -3.637596779334239638e+00 0.000000000000000000e+00
1.730000000000000071e+01 -3.351034911511663772e+00 0.000000000000000000e+00
1.740000000000000213e+01 -3.290685201920683589e+00 0.000000000000000000e+00
1.750000000000000000e+01 -2.847782172922924460e+00 0.000000000000000000e+00
1.760000000000000142e+01 -3.511840481397054514e+00 0.000000000000000000e+00
1.769999999999999929e+01 -4.047489209434391277e+00 0.000000000000000000e+00
1.780000000000000071e+01 -4.013257447092025032e+00 0.000000000000000000e+00
1.790000000000000213e+01 -3.826840721075689622e+00 0.000000000000000000e+00
1.800000000000000000e+01 -3.937338348671011623e+00 0.000000000000000000e+00
1.810000000000000142e+01 -3.352475565934259993e+00 0.000000000000000000e+00
1.819999999999999929e+01 -3.495614358676144562e+00 0.000000000000000000e+00
1.830000000000000071e+01 -4.497019604051303077e+00 0.000000000000000000e+00
1.840000000000000213e+01 -4.728312828205480045e+00 0.000000000000000000e+00
1.850000000000000000e+01 -5.878694689136374940e+00 0.000000000000000000e+00
1.860000000000000142e+01 -5.026946423063082037e+00 0.000000000000000000e+00
1.869999999999999929e+01 -5.395583262206692154e+00 0.000000000000000000e+00
1.880000000000000071e+01 -5.235014289448216118e+00 0.000000000000000000e+00
1.890000000000000213e+01 -5.005153470432880169e+00 0.000000000000000000e+00
1.900000000000000000e+01 -5.243845616387488029e+00 0.000000000000000000e+00
1.910000000000000142e+01 -5.463872997074220805e+00 0.000000000000000000e+00
1.920000000000000284e+01 -5.448545282279816604e+00 0.000000000000000000e+00
1.930000000000000071e+01 -5.693329375207030196e+00 0.000000000000000000e+00
1.940000000000000213e+01 -5.597152423715996861e+00 0.000000000000000000e+00
1.950000000000000000e+01 -7.362393321993850215e+00 0.000000000000000000e+00
1.960000000000000142e+01 -5.922034733910156667e+00 0.000000000000000000e+00
1.970000000000000284e+01 -5.876963019926206400e+00 0.000000000000000000e+00
1.980000000000000071e+01 -6.024633033646213498e+00 0.000000000000000000e+00
1.990000000000000213e+01 -5.998357752516965569e+00 0.000000000000000000e+00
2.000000000000000000e+01 -5.580094764942479912e+00 0.000000000000000000e+00
2.010000000000000142e+01 -6.283275821989305676e+00 0.000000000000000000e+00
2.020000000000000284e+01 -4.948330366616392695e+00 0.000000000000000000e+00
2.030000000000000071e+01 -5.781417569254188926e+00 0.000000000000000000e+00
2.040000000000000213e+01 -6.216990528900715240e+00 0.000000000000000000e+00
2.050000000000000000e+01 -6.414402497687424543e+00 0.000000000000000000e+00
2.060000000000000142e+01 -6.456959679211723646e+00 0.000000000000000000e+00
2.070000000000000284e+01 -6.974999961760748768e+00 0.000000000000000000e+00
2.080000000000000071e+01 -6.664868499043429928e+00 0.000000000000000000e+00
2.090000000000000213e+01 -6.569458032956892346e+00 0.000000000000000000e+00
2.100000000000000000e+01 -6.498052808924683177e+00 0.000000000000000000e+00
2.110000000000000142e+01 -6.561315197140457300e+00 0.000000000000000000e+00
2.120000000000000284e+01 -7.034320379260121214e+00 0.000000000000000000e+00
2.130000000000000071e+01 -7.632539541472040057e+00 0.000000000000000000e+00
2.140000000000000213e+01 -7.269556097047204624e+00 0.000000000000000000e+00
2.150000000000000000e+01 -6.124683541140007570e+00 0.000000000000000000e+00
2.160000000000000142e+01 -6.467325123494697792e+00 0.000000000000000000e+00
2.170000000000000284e+01 -6.708251440770450991e+00 0.000000000000000000e+00
2.180000000000000071e+01 -7.249260150149794413e+00 0.000000000000000000e+00
2.190000000000000213e+01 -6.844815132056404572e+00 0.000000000000000000e+00
2.200000000000000000e+01 -7.459059607763930622e+00 0.000000000000000000e+00
2.210000000000000142e+01 -7.101494848606415111e+00 0.000000000000000000e+00
2.220000000000000284e+01 -6.954045131446950911e+00 0.000000000000000000e+00
2.230000000000000071e+01 -7.030263489313957059e+00 0.000000000000000000e+00
2.240000000000000213e+01 -6.400211354977552780e+00 0.000000000000000000e+00
2.250000000000000000e+01 -7.625616099608164333e+00 0.000000000000000000e+00
2.260000000000000142e+01 -7.391837394982645471e+00 0.000000000000000000e+00
2.270000000000000284e+01 -7.690114821774113096e+00 0.000000000000000000e+00
2.280000000000000071e+01 -7.661157008313013606e+00 0.000000000000000000e+00
2.290000000000000213e+01 -7.011587266181257938e+00 0.000000000000000000e+00
2.300000000000000000e+01 -7.892301536751273439e+00 0.000000000000000000e+00
2.310000000000000142e+01 -6.717792123770678359e+00 0.000000000000000000e+00
2.320000000000000284e+01 -7.203057857605002390e+00 0.000000000000000000e+00
2.330000000000000071e+01 -7.011994380541202609e+00 0.000000000000000000e+00
2.340000000000000213e+01 -6.834674849920578055e+00 0.000000000000000000e+00
2.350000000000000000e+01 -7.147863322671995867e+00 0.000000000000000000e+00
2.360000000000000142e+01 -6.338155987334282315e+00 0.000000000000000000e+00
2.370000000000000284e+01 -6.868342465693238807e+00 0.000000000000000000e+00
2.380000000000000071e+01 -6.388809536992887672e+00 0.000000000000000000e+00
2.390000000000000213e+01 -6.702627474445044697e+00 0.000000000000000000e+00
2.400000000000000000e+01 -6.381530417708390246e+00 0.000000000000000000e+00
2.410000000000000142e+01 -6.320879652595234433e+00 0.000000000000000000e+00
2.420000000000000284e+01 -6.281245318321928117e+00 0.000000000000000000e+00
2.430000000000000071e+01 -6.851173038717561781e+00 0.000000000000000000e+00
2.440000000000000213e+01 -6.115151712027424580e+00 0.000000000000000000e+00
2.450000000000000000e+01 -6.470549840638442518e+00 0.000000000000000000e+00
2.460000000000000142e+01 -5.979201826918326468e+00 0.000000000000000000e+00
2.470000000000000284e+01 -7.355140069453037555e+00 0.000000000000000000e+00
2.480000000000000071e+01 -6.992276468617163232e+00 0.000000000000000000e+00
2.490000000000000213e+01 -6.050589178897584297e+00 0.000000000000000000e+00
2.500000000000000000e+01 -5.261142036583679626e+00 0.000000000000000000e+00
2.510000000000000142e+01 -5.719944051706078447e+00 0.000000000000000000e+00
2.520000000000000284e+01 -6.406264584007642426e+00 0.000000000000000000e+00
2.530000000000000071e+01 -6.820891179970328899e+00 0.000000000000000000e+00
2.540000000000000213e+01 -5.496653817173476675e+00 0.000000000000000000e+00
2.550000000000000000e+01 -5.787157429055670654e+00 0.000000000000000000e+00
2.560000000000000142e+01 -5.319700842321034351e+00 0.000000000000000000e+00
2.570000000000000284e+01 -5.419293814604482229e+00 0.000000000000000000e+00
2.580000000000000071e+01 -5.322477933899089741e+00 0.000000000000000000e+00
2.590000000000000213e+01 -3.721487466957655421e+00 0.000000000000000000e+00
2.600000000000000000e+01 -5.074650756219322822e+00 0.000000000000000000e+00
2.610000000000000142e+01 -5.032479392588361300e+00 0.000000000000000000e+00
2.620000000000000284e+01 -4.907289456738084255e+00 0.000000000000000000e+00
2.630000000000000071e+01 -5.044995454636729271e+00 0.000000000000000000e+00
2.640000000000000213e+01 -4.176810830324805934e+00 0.000000000000000000e+00
2.650000000000000000e+01 -4.777044553993119891e+00 0.000000000000000000e+00
2.660000000000000142e+01 -4.216629350009595711e+00 0.000000000000000000e+00
2.670000000000000284e+01 -4.328577438905044872e+00 0.000000000000000000e+00
2.680000000000000071e+01 -3.794834833853141909e+00 0.000000000000000000e+00
2.690000000000000213e+01 -4.120269205200494333e+00 0.000000000000000000e+00
2.700000000000000000e+01 -4.851617159166361049e+00 0.000000000000000000e+00
2.710000000000000142e+01 -4.808162470306147185e+00 0.000000000000000000e+00
2.720000000000000284e+01 -3.324299910058500895e+00 0.000000000000000000e+00
2.730000000000000071e+01 -4.199559253795851710e+00 0.000000000000000000e+00
2.740000000000000213e+01 -4.406442819325097737e+00 0.000000000000000000e+00
2.750000000000000000e+01 -3.918556157344438073e+00 0.000000000000000000e+00
2.760000000000000142e+01 -2.779306600326853172e+00 0.000000000000000000e+00
2.770000000000000284e+01 -3.944267719742288847e+00 0.000000000000000000e+00
2.780000000000000071e+01 -3.489400553203118260e+00 0.000000000000000000e+00
2.790000000000000213e+01 -3.215693595695712670e+00 0.000000000000000000e+00
2.800000000000000000e+01 -3.342323435621974870e+00 0.000000000000000000e+00
2.810000000000000142e+01 -3.154849170432402872e+00 0.000000000000000000e+00
2.820000000000000284e+01 -3.181182218031026743e+00 0.000000000000000000e+00
2.830000000000000071e+01 -2.526181750510412272e+00 0.000000000000000000e+00
2.840000000000000213e+01 -2.359568479221764825e+00 0.000000000000000000e+00
2.850000000000000000e+01 -2.420641180316723595e+00 0.000000000000000000e+00
2.860000000000000142e+01 -2.810727972996271085e+00 0.000000000000000000e+00
2.870000000000000284e+01 -1.264681796449854456e+00 0.000000000000000000e+00
2.880000000000000071e+01 -2.461661927711253028e+00 0.000000000000000000e+00
2.890000000000000213e+01 -1.557604434421206996e+00 0.000000000000000000e+00
2.900000000000000000e+01 -2.123193134928974324e+00 0.000000000000000000e+00
2.910000000000000142e+01 -1.127434372717460942e+00 0.000000000000000000e+00
2.920000000000000284e+01 -8.442086878226784386e-01 0.000000000000000000e+00
2.930000000000000071e+01 -1.605804280561365927e+00 0.000000000000000000e+00
2.940000000000000213e+01 -1.959142963617048316e+00 0.000000000000000000e+00
2.950000000000000000e+01 -4.675524407133324067e-01 0.000000000000000000e+00
2.960000000000000142e+01 3.128118449317562888e-01 0.000000000000000000e+00
2.970000000000000284e+01 -2.227753411879722645e-01 0.000000000000000000e+00
2.980000000000000071e+01 -1.565640623933546860e-01 0.000000000000000000e+00
2.990000000000000213e+01 3.614485652796489701e-01 0.000000000000000000e+00
3.000000000000000000e+01 5.129554256437240944e-01 0.000000000000000000e+00
3.010000000000000142e+01 -1.179738737088528167e-01 0.000000000000000000e+00
3.020000000000000284e+01 1.182975591496261969e-01 0.000000000000000000e+00
3.030000000000000071e+01 8.895116990438023397e-01 0.000000000000000000e+00
3.040000000000000213e+01 6.336906934044210793e-01 0.000000000000000000e+00
3.050000000000000000e+01 1.473748898214908509e+00 0.000000000000000000e+00
3.060000000000000142e+01 5.645050864845999605e-01 0.000000000000000000e+00
3.070000000000000284e+01 1.388975132800128964e+00 0.000000000000000000e+00
3.080000000000000071e+01 1.282406914726143432e+00 0.000000000000000000e+00
3.090000000000000213e+01 1.150285220587206059e+00 0.000000000000000000e+00
3.100000000000000000e+01 1.912909218996389882e+00 0.000000000000000000e+00
3.110000000000000142e+01 1.788568253220151005e+00 0.000000000000000000e+00
3.120000000000000284e+01 1.083601995069390478e+00 0.000000000000000000e+00
3.130000000000000071e+01 2.058131797206124158e+00 0.000000000000000000e+00
3.140000000000000213e+01 2.590765430540042047e+00 0.000000000000000000e+00
3.150000000000000000e+01 2.014149758722756811e+00 0.000000000000000000e+00
3.160000000000000142e+01 2.138395076878748302e+00 0.000000000000000000e+00
3.170000000000000284e+01 2.114091783001945224e+00 0.000000000000000000e+00
3.180000000000000071e+01 2.626363228926250848e+00 0.000000000000000000e+00
3.190000000000000213e+01 3.153874647849232993e+00 0.000000000000000000e+00
3.200000000000000000e+01 2.568750354386447832e+00 0.000000000000000000e+00
3.210000000000000142e+01 2.457199864575039694e+00 0.000000000000000000e+00
3.220000000000000284e+01 3.079314937197079605e+00 0.000000000000000000e+00
3.230000000000000426e+01 2.697626043820319008e+00 0.000000000000000000e+00
3.239999999999999858e+01 3.753837403171680798e+00 0.000000000000000000e+00
3.250000000000000000e+01 3.370401972412657710e+00 0.000000000000000000e+00
3.260000000000000142e+01 2.787831668435360122e+00 0.000000000000000000e+00
3.270000000000000284e+01 3.567572781912730306e+00 0.000000000000000000e+00
3.280000000000000426e+01 3.721140048835179126e+00 0.000000000000000000e+00
3.289999999999999858e+01 4.121397580812829808e+00 0.000000000000000000e+00
3.300000000000000000e+01 3.911386991824981063e+00 0.000000000000000000e+00
3.310000000000000142e+01 5.016633428468377787e+00 0.000000000000000000e+00
3.320000000000000284e+01 3.933938897785123956e+00 0.000000000000000000e+00
3.330000000000000426e+01 4.286352366639018641e+00 0.000000000000000000e+00
3.339999999999999858e+01 4.402536456981041901e+00 0.000000000000000000e+00
3.350000000000000000e+01 4.458853194898930283e+00 0.000000000000000000e+00
3.360000000000000142e+01 4.823699008908440611e+00 0.000000000000000000e+00
3.370000000000000284e+01 5.177170057763392563e+00 0.000000000000000000e+00
3.380000000000000426e+01 5.727651412169032952e+00 0.000000000000000000e+00
3.389999999999999858e+01 4.416317527910696761e+00 0.000000000000000000e+00
3.400000000000000000e+01 5.077270344083923526e+00 0.000000000000000000e+00
3.410000000000000142e+01 5.225003280874327416e+00 0.000000000000000000e+00
3.420000000000000284e+01 6.017261486504925649e+00 0.000000000000000000e+00
3.430000000000000426e+01 5.451938958054865836e+00 0.000000000000000000e+00
3.439999999999999858e+01 4.748074093448074962e+00 0.000000000000000000e+00
3.450000000000000000e+01 5.790731049967480004e+00 0.000000000000000000e+00
3.460000000000000142e+01 5.770543373264310105e+00 0.000000000000000000e+00
3.470000000000000284e+01 5.911413442285357256e+00 0.000000000000000000e+00
3.480000000000000426e+01 5.333920735053179207e+00 0.000000000000000000e+00
3.489999999999999858e+01 6.748901962007742839e+00 0.000000000000000000e+00
3.500000000000000000e+01 5.769819931953172443e+00 0.000000000000000000e+00
3.510000000000000142e+01 5.890074727072060590e+00 0.000000000000000000e+00
3.520000000000000284e+01 5.598677131320375366e+00 0.000000000000000000e+00
3.530000000000000426e+01 5.660065032427874065e+00 0.000000000000000000e+00
3.539999999999999858e+01 5.602468423569378686e+00 0.000000000000000000e+00
3.550000000000000000e+01 6.114415920198065457e+00 0.000000000000000000e+00
3.560000000000000142e+01 5.934907616642338901e+00 0.000000000000000000e+00
3.570000000000000284e+01 7.545580097401367148e+00 0.000000000000000000e+00
3.580000000000000426e+01 5.673021039221021411e+00 0.000000000000000000e+00
3.589999999999999858e+01 6.144634517229519588e+00 0.000000000000000000e+00
3.600000000000000000e+01 6.587116402482791067e+00 0.000000000000000000e+00
3.610000000000000142e+01 7.187905725761785547e+00 0.000000000000000000e+00
3.620000000000000284e+01 6.690003165287123466e+00 0.000000000000000000e+00
3.630000000000000426e+01 7.262480111712565467e+00 0.000000000000000000e+00
3.639999999999999858e+01 6.441602839285319959e+00 0.000000000000000000e+00
3.650000000000000000e+01 6.960425629493554034e+00 0.000000000000000000e+00
3.660000000000000142e+01 7.787374823705087046e+00 0.000000000000000000e+00
3.670000000000000284e+01 6.409189036072799439e+00 0.000000000000000000e+00
3.680000000000000426e+01 7.078396865717428987e+00 0.000000000000000000e+00
3.689999999999999858e+01 6.950101469184922998e+00 0.000000000000000000e+00
3.700000000000000000e+01 5.705457771938753808e+00 0.000000000000000000e+00
3.710000000000000142e+01 6.531041137523039275e+00 0.000000000000000000e+00
3.720000000000000284e+01 7.397019413257347686e+00 0.000000000000000000e+00
3.730000000000000426e+01 6.916982359623700560e+00 0.000000000000000000e+00
3.739999999999999858e+01 6.272377839057526216e+00 0.000000000000000000e+00
3.750000000000000000e+01 7.261641779048258805e+00 0.000000000000000000e+00
3.760000000000000142e+01 6.719559786567891102e+00 0.000000000000000000e+00
3.770000000000000284e+01 7.182796200303424250e+00 0.000000000000000000e+00
3.780000000000000426e+01 7.230940459187903180e+00 0.000000000000000000e+00
3.789999999999999858e+01 6.514267413831794862e+00 0.000000000000000000e+00
3.800000000000000000e+01 7.486995287590286097e+00 0.000000000000000000e+00
3.810000000000000142e+01 6.590972112571909847e+00 0.000000000000000000e+00
3.820000000000000284e+01 6.426757035963643894e+00 0.000000000000000000e+00
3.830000000000000426e+01 6.604974052943172858e+00 0.000000000000000000e+00
3.840000000000000568e+01 6.822918201987580922e+00 0.000000000000000000e+00
3.850000000000000000e+01 6.985481640766833422e+00 0.000000000000000000e+00
3.860000000000000142e+01 6.468103979024753869e+00 0.000000000000000000e+00
3.870000000000000284e+01 7.143580758526979935e+00 0.000000000000000000e+00
3.880000000000000426e+01 6.811576756634217134e+00 0.000000000000000000e+00
3.890000000000000568e+01 6.255672175513662836e+00 0.000000000000000000e+00
3.900000000000000000e+01 6.971464070218280185e+00 0.000000000000000000e+00
3.910000000000000142e+01 7.041245166497457575e+00 0.000000000000000000e+00
3.920000000000000284e+01 6.356887939644933816e+00 0.000000000000000000e+00
3.930000000000000426e+01 6.256527591425155244e+00 0.000000000000000000e+00
3.940000000000000568e+01 5.446203920672965104e+00 0.000000000000000000e+00
3.950000000000000000e+01 6.107315049892909187e+00 0.000000000000000000e+00
3.960000000000000142e+01 6.148692485880602909e+00 0.000000000000000000e+00
3.970000000000000284e+01 6.401583050876734404e+00 0.000000000000000000e+00
3.980000000000000426e+01 6.175505141774453755e+00 0.000000000000000000e+00
3.990000000000000568e+01 6.354325429035343475e+00 0.000000000000000000e+00
4.000000000000000000e+01 6.959650973788230388e+00 0.000000000000000000e+00
4.010000000000000142e+01 5.872516375794860188e+00 0.000000000000000000e+00
4.020000000000000284e+01 5.819552975624729285e+00 0.000000000000000000e+00
4.030000000000000426e+01 5.320282315130059558e+00 0.000000000000000000e+00
4.040000000000000568e+01 5.863666694383489641e+00 0.000000000000000000e+00
4.050000000000000000e+01 6.235272309269001667e+00 0.000000000000000000e+00
4.060000000000000142e+01 4.739517776672037996e+00 0.000000000000000000e+00
4.070000000000000284e+01 5.144014692200188144e+00 0.000000000000000000e+00
4.080000000000000426e+01 5.355269647711292436e+00 0.000000000000000000e+00
4.090000000000000568e+01 5.625851631666452413e+00 0.000000000000000000e+00
4.100000000000000000e+01 5.263020895209976402e+00 0.000000000000000000e+00
4.110000000000000142e+01 5.115588602052790534e+00 0.000000000000000000e+00
4.120000000000000284e+01 4.734408726050619798e+00 0.000000000000000000e+00
4.130000000000000426e+01 4.994164224792259965e+00 0.000000000000000000e+00
4.140000000000000568e+01 5.179029219449182264e+00 0.000000000000000000e+00
4.150000000000000000e+01 3.745671498827841006e+00 0.000000000000000000e+00
4.160000000000000142e+01 4.898868403249457160e+00 0.000000000000000000e+00
4.170000000000000284e+01 4.421499050878468395e+00 0.000000000000000000e+00
4.180000000000000426e+01 4.139333332812097588e+00 0.000000000000000000e+00
4.190000000000000568e+01 3.108821110755014328e+00 0.000000000000000000e+00
4.200000000000000000e+01 3.554749106865387809e+00 0.000000000000000000e+00
4.210000000000000142e+01 4.993948073902798157e+00 0.000000000000000000e+00
4.220000000000000284e+01 3.684210216865175358e+00 0.000000000000000000e+00
4.230000000000000426e+01 3.352819466537084292e+00 0.000000000000000000e+00
4.240000000000000568e+01 3.517928551358475264e+00 0.000000000000000000e+00
4.250000000000000000e+01 3.211173246480263810e+00 0.000000000000000000e+00
4.260000000000000142e+01 3.473798560120308299e+00 0.000000000000000000e+00
4.270000000000000284e+01 3.992648059391346038e+00 0.000000000000000000e+00
4.280000000000000426e+01 2.762844975897186917e+00 0.000000000000000000e+00
4.290000000000000568e+01 2.959434866573389389e+00 0.000000000000000000e+00
4.300000000000000000e+01 2.143109928265266806e+00 0.000000000000000000e+00
4.310000000000000142e+01 3.322768722279826115e+00 0.000000000000000000e+00
4.320000000000000284e+01 2.516649951606253044e+00 0.000000000000000000e+00
4.330000000000000426e+01 1.754678482296736952e+00 0.000000000000000000e+00
4.340000000000000568e+01 2.634267173419040819e+00 0.000000000000000000e+00
4.350000000000000000e+01 2.679365927506377698e+00 0.000000000000000000e+00
4.360000000000000142e+01 2.064607235216268322e+00 0.000000000000000000e+00
4.370000000000000284e+01 1.071651286107466072e+00 0.000000000000000000e+00
4.380000000000000426e+01 2.689706919883400271e+00 0.000000000000000000e+00
4.390000000000000568e+01 1.851682550745897160e+00 0.000000000000000000e+00
4.400000000000000000e+01 2.171036987050274814e+00 0.000000000000000000e+00
4.410000000000000142e+01 1.186146203529660381e+00 0.000000000000000000e+00
4.420000000000000284e+01 1.122812903039305255e+00 0.000000000000000000e+00
4.430000000000000426e+01 1.222224041892821855e+00 0.000000000000000000e+00
4.440000000000000568e+01 1.553985937786425131e+00 0.000000000000000000e+00
4.450000000000000000e+01 8.869411143667105257e-01 0.000000000000000000e+00
4.460000000000000142e+01 -3.328477841777810475e-03 0.000000000000000000e+00
4.470000000000000284e+01 5.616172095258676888e-01 0.000000000000000000e+00
4.480000000000000426e+01 1.051603370388592529e+00 0.000000000000000000e+00
4.490000000000000568e+01 8.133488075685485486e-02 0.000000000000000000e+00
4.500000000000000000e+01 -6.573524075697990965e-02 0.000000000000000000e+00
4.510000000000000142e+01 -9.277924145635481068e-01 0.000000000000000000e+00
4.520000000000000284e+01 -1.149367758359368885e+00 0.000000000000000000e+00
4.530000000000000426e+01 -9.027959934224780714e-01 0.000000000000000000e+00
4.540000000000000568e+01 -8.689561904539275794e-01 0.000000000000000000e+00
4.550000000000000000e+01 -7.634157327779983460e-01 0.000000000000000000e+00
4.560000000000000142e+01 -8.336976728118946633e-01 0.000000000000000000e+00
4.570000000000000284e+01 -2.127163488574180805e-01 0.000000000000000000e+00
4.580000000000000426e+01 -1.081744204816584620e+00 0.000000000000000000e+00
4.590000000000000568e+01 -6.812926582365691486e-01 0.000000000000000000e+00
4.600000000000000000e+01 -1.344618500401543626e+00 0.000000000000000000e+00
4.610000000000000142e+01 -7.240806809735541583e-01 0.000000000000000000e+00
4.620000000000000284e+01 -2.521284311134035949e+00 0.000000000000000000e+00
4.630000000000000426e+01 -2.037388340335420711e+00 0.000000000000000000e+00
4.640000000000000568e+01 -1.411753416663329208e+00 0.000000000000000000e+00
4.650000000000000000e+01 -2.165170105843423176e+00 0.000000000000000000e+00
4.660000000000000142e+01 -1.796958195377250433e+00 0.000000000000000000e+00
4.670000000000000284e+01 -2.256382305435072233e+00 0.000000000000000000e+00
4.680000000000000426e+01 -2.160226679907409686e+00 0.000000000000000000e+00
4.690000000000000568e+01 -2.504240440808362944e+00 0.000000000000000000e+00
4.700000000000000000e+01 -2.640760037268952143e+00 0.000000000000000000e+00
4.710000000000000142e+01 -2.384150951367878690e+00 0.000000000000000000e+00
4.720000000000000284e+01 -2.773952883337577280e+00 0.000000000000000000e+00
4.730000000000000426e+01 -2.890585179581484532e+00 0.000000000000000000e+00
4.740000000000000568e+01 -3.482018803137578722e+00 0.000000000000000000e+00
4.750000000000000000e+01 -3.874671962318002372e+00 0.000000000000000000e+00
4.760000000000000142e+01 -3.995312634846907685e+00 0.000000000000000000e+00
4.770000000000000284e+01 -3.366404240687139726e+00 0.000000000000000000e+00
4.780000000000000426e+01 -5.036677823754733829e+00 0.000000000000000000e+00
4.790000000000000568e+01 -4.550418868285118101e+00 0.000000000000000000e+00
4.800000000000000000e+01 -4.465695606341481216e+00 0.000000000000000000e+00
4.810000000000000142e+01 -4.206080889395281019e+00 0.000000000000000000e+00
4.820000000000000284e+01 -5.509009841958794063e+00 0.000000000000000000e+00
4.830000000000000426e+01 -3.688190989635510952e+00 0.000000000000000000e+00
4.840000000000000568e+01 -4.153904145947580062e+00 0.000000000000000000e+00
4.850000000000000000e+01 -3.607876187873152229e+00 0.000000000000000000e+00
4.860000000000000142e+01 -4.221378981940583586e+00 0.000000000000000000e+00
4.870000000000000284e+01 -4.391364743588535013e+00 0.000000000000000000e+00
4.880000000000000426e+01 -3.932264044885376286e+00 0.000000000000000000e+00
4.890000000000000568e+01 -5.486424635036661002e+00 0.000000000000000000e+00
4.900000000000000000e+01 -6.084170980611674828e+00 0.000000000000000000e+00
4.910000000000000142e+01 -5.565067691796814486e+00 0.000000000000000000e+00
4.920000000000000284e+01 -5.960832364747661316e+00 0.000000000000000000e+00
4.930000000000000426e+01 -5.758693169103761278e+00 0.000000000000000000e+00
4.940000000000000568e+01 -6.220771385116780294e+00 0.000000000000000000e+00
4.950000000000000000e+01 -5.462925784307192778e+00 0.000000000000000000e+00
4.960000000000000142e+01 -5.530896564235416868e+00 0.000000000000000000e+00
4.970000000000000284e+01 -5.834998954683837447e+00 0.000000000000000000e+00
4.980000000000000426e+01 -5.698211423851477164e+00 0.000000000000000000e+00
4.990000000000000568e+01 -5.960409985030089786e+00 0.000000000000000000e+00
5.000000000000000000e+01 -5.555732989712207193e+00 0.000000000000000000e+00
5.010000000000000142e+01 -5.949402781576212718e+00 0.000000000000000000e+00
5.020000000000000284e+01 -6.181404228672845669e+00 0.000000000000000000e+00
5.030000000000000426e+01 -5.660773799393884254e+00 0.000000000000000000e+00
5.040000000000000568e+01 -5.583426268830398165e+00 0.000000000000000000e+00
5.050000000000000000e+01 -5.642344433268035253e+00 0.000000000000000000e+00
5.060000000000000142e+01 -6.908835880680399555e+00 0.000000000000000000e+00
5.070000000000000284e+01 -6.784570030809604191e+00 0.000000000000000000e+00
5.080000000000000426e+01 -7.468015276788275258e+00 0.000000000000000000e+00
5.090000000000000568e+01 -6.828082300422224193e+00 0.000000000000000000e+00
5.100000000000000000e+01 -6.579761709472483844e+00 0.000000000000000000e+00
5.110000000000000142e+01 -6.917560673968610629e+00 0.000000000000000000e+00
5.120000000000000284e+01 -5.931456172453000164e+00 0.000000000000000000e+00
5.130000000000000426e+01 -7.127420102766754972e+00 0.000000000000000000e+00
5.140000000000000568e+01 -7.479259061674945031e+00 0.000000000000000000e+00
5.150000000000000000e+01 -6.646527959212262360e+00 0.000000000000000000e+00
5.160000000000000142e+01 -6.840387365950591381e+00 0.000000000000000000e+00
5.170000000000000284e+01 -6.618239936022344949e+00 0.000000000000000000e+00
5.180000000000000426e+01 -6.716719062376637517e+00 0.000000000000000000e+00
5.190000000000000568e+01 -6.724754829277855173e+00 0.000000000000000000e+00
5.200000000000000000e+01 -7.892374706453985311e+00 0.000000000000000000e+00
5.210000000000000142e+01 -7.188583424517051235e+00 0.000000000000000000e+00
5.220000000000000284e+01 -7.126605919580785375e+00 0.000000000000000000e+00
5.230000000000000426e+01 -7.023425692348814309e+00 0.000000000000000000e+00
5.240000000000000568e+01 -7.102708139736030546e+00 0.000000000000000000e+00
5.250000000000000000e+01 -6.709843761746593138e+00 0.000000000000000000e+00
5.260000000000000142e+01 -6.658680004879057535e+00 0.000000000000000000e+00
5.270000000000000284e+01 -7.568591299638581127e+00 0.000000000000000000e+00
5.280000000000000426e+01 -6.699078198571746690e+00 0.000000000000000000e+00
5.290000000000000568e+01 -6.780731145071047017e+00 0.000000000000000000e+00
5.300000000000000000e+01 -6.859196237204028712e+00 0.000000000000000000e+00
5.310000000000000142e+01 -7.803673757204331984e+00 0.000000000000000000e+00
5.320000000000000284e+01 -6.859358818989966800e+00 0.000000000000000000e+00
5.330000000000000426e+01 -7.005090837036052953e+00 0.000000000000000000e+00
5.340000000000000568e+01 -6.515523181312257606e+00 0.000000000000000000e+00
5.350000000000000000e+01 -6.038601664895551835e+00 0.000000000000000000e+00
5.360000000000000142e+01 -6.060361902413837321e+00 0.000000000000000000e+00
5.370000000000000284e+01 -6.714849016209459620e+00 0.000000000000000000e+00
5.380000000000000426e+01 -6.686782010475304183e+00 0.000000000000000000e+00
5.390000000000000568e+01 -6.287097141061755323e+00 0.000000000000000000e+00
5.400000000000000000e+01 -7.084487588130573776e+00 0.000000000000000000e+00
5.410000000000000142e+01 -7.186052558476615282e+00 0.000000000000000000e+00
5.420000000000000284e+01 -6.642495584062195313e+00 0.000000000000000000e+00
5.430000000000000426e+01 -5.753734657049836443e+00 0.000000000000000000e+00
5.440000000000000568e+01 -6.498653746442378143e+00 0.000000000000000000e+00
5.450000000000000000e+01 -5.559780893183929429e+00 0.000000000000000000e+00
5.460000000000000142e+01 -7.688502283705785700e+00 0.000000000000000000e+00
5.470000000000000284e+01 -7.072496560640699315e+00 0.000000000000000000e+00
5.480000000000000426e+01 -6.321562724017539381e+00 0.000000000000000000e+00
5.490000000000000568e+01 -5.788214689294660431e+00 0.000000000000000000e+00
5.500000000000000000e+01 -6.227417378496339140e+00 0.000000000000000000e+00
5.510000000000000142e+01 -6.185299797358349672e+00 0.000000000000000000e+00
5.520000000000000284e+01 -6.125909864536199123e+00 0.000000000000000000e+00
5.530000000000000426e+01 -6.856313839481889438e+00 0.000000000000000000e+00
5.540000000000000568e+01 -5.288962490534357741e+00 0.000000000000000000e+00
5.550000000000000000e+01 -6.088248177952880980e+00 0.000000000000000000e+00
5.560000000000000142e+01 -5.070286622661006604e+00 0.000000000000000000e+00
5.570000000000000284e+01 -5.512204884691056073e+00 0.000000000000000000e+00
5.580000000000000426e+01 -4.803219202794791087e+00 0.000000000000000000e+00
5.590000000000000568e+01 -5.029171199415460869e+00 0.000000000000000000e+00
5.600000000000000000e+01 -5.124923020975656662e+00 0.000000000000000000e+00
5.610000000000000142e+01 -4.839725964427374905e+00 0.000000000000000000e+00
5.620000000000000284e+01 -5.583053923591866585e+00 0.000000000000000000e+00
5.630000000000000426e+01 -4.750212432697376030e+00 0.000000000000000000e+00
5.640000000000000568e+01 -3.813857116626394816e+00 0.000000000000000000e+00
5.650000000000000000e+01 -3.946070605108091822e+00 0.000000000000000000e+00
5.660000000000000142e+01 -5.027112494180928870e+00 0.000000000000000000e+00
5.670000000000000284e+01 -4.218036028142860161e+00 0.000000000000000000e+00
5.680000000000000426e+01 -4.280337822545588367e+00 0.000000000000000000e+00
5.690000000000000568e+01 -3.921764863635969434e+00 0.000000000000000000e+00
5.700000000000000000e+01 -4.197848325931430757e+00 0.000000000000000000e+00
5.710000000000000142e+01 -4.261670574344224249e+00 0.000000000000000000e+00
5.720000000000000284e+01 -3.363169094916629298e+00 0.000000000000000000e+00
5.730000000000000426e+01 -3.787005568027622449e+00 0.000000000000000000e+00
5.740000000000000568e+01 -3.118409368457103259e+00 0.000000000000000000e+00
5.750000000000000000e+01 -3.096553755737312841e+00 0.000000000000000000e+00
5.760000000000000142e+01 -3.573862864570318987e+00 0.000000000000000000e+00
5.770000000000000284e+01 -3.317661357446608505e+00 0.000000000000000000e+00
5.780000000000000426e+01 -2.091236734323797641e+00 0.000000000000000000e+00
5.790000000000000568e+01 -2.786548678577497995e+00 0.000000000000000000e+00
5.800000000000000000e+01 -3.096042710565384937e+00 0.000000000000000000e+00
5.810000000000000142e+01 -3.162707140169085385e+00 0.000000000000000000e+00
5.820000000000000284e+01 -1.935062012770320639e+00 0.000000000000000000e+00
5.830000000000000426e+01 -2.215441183393900282e+00 0.000000000000000000e+00
5.840000000000000568e+01 -2.578160038616210237e+00 0.000000000000000000e+00
5.850000000000000000e+01 -1.742079687596760351e+00 0.000000000000000000e+00
5.860000000000000142e+01 -1.904004705984492229e+00 0.000000000000000000e+00
5.870000000000000284e+01 -2.721587305259330680e+00 0.000000000000000000e+00
5.880000000000000426e+01 -1.502779735769758762e+00 0.000000000000000000e+00
5.890000000000000568e+01 -1.030025939011028013e+00 0.000000000000000000e+00
5.900000000000000000e+01 -3.058847230533023875e-01 0.000000000000000000e+00
5.910000000000000142e+01 -1.444141524057218184e+00 0.000000000000000000e+00
5.920000000000000284e+01 -1.205800036300995526e+00 0.000000000000000000e+00
5.930000000000000426e+01 -3.636990846301375591e-01 0.000000000000000000e+00
5.940000000000000568e+01 -9.129239653002333421e-01 0.000000000000000000e+00
5.950000000000000000e+01 -6.777751687431841088e-01 0.000000000000000000e+00
5.960000000000000142e+01 -9.403976241403504410e-01 0.000000000000000000e+00
5.970000000000000284e+01 -1.127810167490779003e+00 0.000000000000000000e+00
5.980000000000000426e+01 2.195076947767188869e-01 0.000000000000000000e+00
5.990000000000000568e+01 -6.852168579315609520e-01 0.000000000000000000e+00
6.000000000000000000e+01 7.007561241189378398e-01 0.000000000000000000e+00
6.010000000000000142e+01 -9.756223627217958105e-02 0.000000000000000000e+00
6.020000000000000284e+01 5.804901936970976450e-01 0.000000000000000000e+00
6.030000000000000426e+01 3.978140583367020255e-01 0.000000000000000000e+00
6.040000000000000568e+01 1.292997486123246498e+00 0.000000000000000000e+00
6.050000000000000000e+01 9.658693013864270149e-01 0.000000000000000000e+00
6.060000000000000142e+01 1.896223836302543653e+00 0.000000000000000000e+00
6.070000000000000284e+01 4.718313346861013891e-01 0.000000000000000000e+00
6.080000000000000426e+01 1.318019464809407681e+00 0.000000000000000000e+00
6.090000000000000568e+01 1.237174942895587604e+00 0.000000000000000000e+00
6.100000000000000000e+01 1.464925618707545674e+00 0.000000000000000000e+00
6.110000000000000142e+01 2.246493072591658979e+00 0.000000000000000000e+00
6.120000000000000284e+01 1.878744586806577743e+00 0.000000000000000000e+00
6.130000000000000426e+01 1.164259752657602398e+00 0.000000000000000000e+00
6.140000000000000568e+01 2.170025523962861858e+00 0.000000000000000000e+00
6.150000000000000000e+01 1.871562415137190349e+00 0.000000000000000000e+00
6.160000000000000142e+01 2.026045517035838461e+00 0.000000000000000000e+00
6.170000000000000284e+01 2.971844020840388012e+00 0.000000000000000000e+00
6.180000000000000426e+01 2.331995180250824973e+00 0.000000000000000000e+00
6.190000000000000568e+01 2.620909141032701672e+00 0.000000000000000000e+00
6.200000000000000000e+01 2.993788131377748574e+00 0.000000000000000000e+00
6.210000000000000142e+01 3.603471593316357691e+00 0.000000000000000000e+00
6.220000000000000284e+01 3.557984794118630223e+00 0.000000000000000000e+00
6.230000000000000426e+01 3.270281077190751784e+00 0.000000000000000000e+00
6.240000000000000568e+01 3.356139949686679724e+00 0.000000000000000000e+00
6.250000000000000000e+01 3.003682026642793268e+00 0.000000000000000000e+00
6.260000000000000142e+01 3.285615046414426033e+00 0.000000000000000000e+00
6.270000000000000284e+01 3.414685996371742416e+00 0.000000000000000000e+00
6.280000000000000426e+01 3.742802070858501473e+00 0.000000000000000000e+00
6.290000000000000568e+01 4.890211292717554059e+00 0.000000000000000000e+00
6.300000000000000000e+01 3.646334046508869164e+00 0.000000000000000000e+00
6.310000000000000142e+01 3.934355666095652904e+00 0.000000000000000000e+00
6.320000000000000284e+01 3.167091621066324691e+00 0.000000000000000000e+00
6.330000000000000426e+01 4.617837188085418987e+00 0.000000000000000000e+00
6.340000000000000568e+01 3.665267367198884241e+00 0.000000000000000000e+00
6.350000000000000000e+01 4.146872626020267738e+00 0.000000000000000000e+00
6.360000000000000142e+01 5.273653900622458757e+00 0.000000000000000000e+00
6.370000000000000284e+01 3.854090194375068279e+00 0.000000000000000000e+00
6.380000000000000426e+01 5.105562266598438370e+00 0.000000000000000000e+00
6.390000000000000568e+01 5.601410414940497517e+00 0.000000000000000000e+00
6.400000000000000000e+01 6.095163899207116209e+00 0.000000000000000000e+00
6.410000000000000853e+01 4.988842439305646081e+00 0.000000000000000000e+00
6.420000000000000284e+01 5.236323912704139438e+00 0.000000000000000000e+00
6.429999999999999716e+01 6.532488650292830989e+00 0.000000000000000000e+00
6.440000000000000568e+01 5.683131817696937205e+00 0.000000000000000000e+00
6.450000000000000000e+01 5.378733850899356739e+00 0.000000000000000000e+00
6.460000000000000853e+01 5.428645070381166171e+00 0.000000000000000000e+00
6.470000000000000284e+01 5.335259497615965074e+00 0.000000000000000000e+00
6.479999999999999716e+01 5.634166072829923877e+00 0.000000000000000000e+00
6.490000000000000568e+01 6.433494859690169321e+00 0.000000000000000000e+00
6.500000000000000000e+01 6.375632858132575187e+00 0.000000000000000000e+00
6.510000000000000853e+01 5.397088004906227532e+00 0.000000000000000000e+00
6.520000000000000284e+01 6.155974453577075955e+00 0.000000000000000000e+00
6.529999999999999716e+01 5.924486166828965672e+00 0.000000000000000000e+00
6.540000000000000568e+01 6.605057105496006109e+00 0.000000000000000000e+00
6.550000000000000000e+01 6.232891482473998046e+00 0.000000000000000000e+00
6.560000000000000853e+01 6.599460876920543839e+00 0.000000000000000000e+00
6.570000000000000284e+01 6.438043823309506308e+00 0.000000000000000000e+00
6.579999999999999716e+01 5.523724264095315029e+00 0.000000000000000000e+00
6.590000000000000568e+01 6.732301014004744566e+00 0.000000000000000000e+00
6.600000000000000000e+01 6.151950141946254114e+00 0.000000000000000000e+00
6.610000000000000853e+01 7.224724292551047533e+00 0.000000000000000000e+00
6.620000000000000284e+01 6.556967659777261481e+00 0.000000000000000000e+00
6.629999999999999716e+01 6.621992087174578323e+00 0.000000000000000000e+00
6.640000000000000568e+01 6.930553371424328368e+00 0.000000000000000000e+00
6.650000000000000000e+01 7.219677039658392914e+00 0.000000000000000000e+00
6.660000000000000853e+01 6.830482371300106159e+00 0.000000000000000000e+00
6.670000000000000284e+01 7.714152619945047640e+00 0.000000000000000000e+00
6.679999999999999716e+01 7.693021958512638925e+00 0.000000000000000000e+00
6.690000000000000568e+01 7.704372005628289166e+00 0.000000000000000000e+00
6.700000000000000000e+01 6.714065902653305606e+00 0.000000000000000000e+00
6.710000000000000853e+01 6.084547182706952384e+00 0.000000000000000000e+00
6.720000000000000284e+01 7.441482717723492790e+00 0.000000000000000000e+00
6.729999999999999716e+01 6.641270880731461546e+00 0.000000000000000000e+00
6.740000000000000568e+01 6.897595476506564793e+00 0.000000000000000000e+00
6.750000000000000000e+01 7.230413194018020739e+00 0.000000000000000000e+00
6.760000000000000853e+01 6.156903058968746123e+00 0.000000000000000000e+00
6.770000000000000284e+01 7.817331438929254972e+00 0.000000000000000000e+00
6.779999999999999716e+01 7.479961566520737293e+00 0.000000000000000000e+00
6.790000000000000568e+01 7.249751005440320029e+00 0.000000000000000000e+00
6.800000000000000000e+01 7.537539645462483229e+00 0.000000000000000000e+00
6.810000000000000853e+01 7.373202782853169879e+00 0.000000000000000000e+00
6.820000000000000284e+01 7.138064026919003879e+00 0.000000000000000000e+00
6.829999999999999716e+01 6.892501385731916841e+00 0.000000000000000000e+00
6.840000000000000568e+01 6.626392081741287576e+00 0.000000000000000000e+00
6.850000000000000000e+01 7.074387202997883151e+00 0.000000000000000000e+00
6.860000000000000853e+01 7.034997375096805783e+00 0.000000000000000000e+00
6.870000000000000284e+01 7.312770503673521993e+00 0.000000000000000000e+00
6.879999999999999716e+01 6.786174668972020818e+00 0.000000000000000000e+00
6.890000000000000568e+01 6.176470525176135595e+00 0.000000000000000000e+00
6.900000000000000000e+01 5.738851187722524116e+00 0.000000000000000000e+00
6.910000000000000853e+01 6.396929906669250876e+00 0.000000000000000000e+00
6.920000000000000284e+01 6.392501099704905876e+00 0.000000000000000000e+00
6.929999999999999716e+01 6.314973322510304854e+00 0.000000000000000000e+00
6.940000000000000568e+01 5.567833148623333450e+00 0.000000000000000000e+00
6.950000000000000000e+01 6.848303916356396570e+00 0.000000000000000000e+00
6.960000000000000853e+01 6.830760715280177919e+00 0.000000000000000000e+00
6.970000000000000284e+01 5.867250764939641705e+00 0.000000000000000000e+00
6.979999999999999716e+01 6.662709413400770053e+00 0.000000000000000000e+00
6.990000000000000568e+01 6.708727390870924623e+00 0.000000000000000000e+00
7.000000000000000000e+01 6.211829367460143914e+00 0.000000000000000000e+00
7.010000000000000853e+01 5.663224112014656697e+00 0.000000000000000000e+00
7.020000000000000284e+01 6.871729884538165578e+00 0.000000000000000000e+00
7.029999999999999716e+01 6.165325689167473477e+00 0.000000000000000000e+00
7.040000000000000568e+01 5.742478200148261713e+00 0.000000000000000000e+00
7.050000000000000000e+01 6.133288515870653157e+00 0.000000000000000000e+00
7.060000000000000853e+01 6.426157195193289873e+00 0.000000000000000000e+00
7.070000000000000284e+01 5.228363102365446657e+00 0.000000000000000000e+00
7.079999999999999716e+01 5.683010669087749100e+00 0.000000000000000000e+00
7.090000000000000568e+01 6.172380275266589500e+00 0.000000000000000000e+00
7.100000000000000000e+01 4.513303358578796498e+00 0.000000000000000000e+00
7.110000000000000853e+01 4.678229993597695646e+00 0.000000000000000000e+00
7.120000000000000284e+01 4.547637578739969655e+00 0.000000000000000000e+00
7.129999999999999716e+01 4.674063527758291592e+00 0.000000000000000000e+00
7.140000000000000568e+01 4.566890409740365087e+00 0.000000000000000000e+00
7.150000000000000000e+01 4.750565106785968439e+00 0.000000000000000000e+00
7.160000000000000853e+01 4.124412942764515755e+00 0.000000000000000000e+00
7.170000000000000284e+01 4.159547209371377008e+00 0.000000000000000000e+00
7.179999999999999716e+01 4.554973006910652877e+00 0.000000000000000000e+00
7.190000000000000568e+01 4.407814933561527759e+00 0.000000000000000000e+00
7.200000000000000000e+01 4.681964673272638322e+00 0.000000000000000000e+00
7.210000000000000853e+01 4.349596090241994339e+00 0.000000000000000000e+00
7.220000000000000284e+01 4.414407800877335752e+00 0.000000000000000000e+00
7.229999999999999716e+01 3.323727832392890047e+00 0.000000000000000000e+00
7.240000000000000568e+01 3.554433373872382784e+00 0.000000000000000000e+00
7.250000000000000000e+01 4.507936832851296316e+00 0.000000000000000000e+00
7.260000000000000853e+01 3.607658267086673476e+00 0.000000000000000000e+00
7.270000000000000284e+01 3.607857701041202070e+00 0.000000000000000000e+00
7.279999999999999716e+01 3.192520319904720516e+00 0.000000000000000000e+00
7.290000000000000568e+01 3.094957769761834676e+00 0.000000000000000000e+00
7.300000000000000000e+01 2.601276473121299837e+00 0.000000000000000000e+00
7.310000000000000853e+01 4.348475110189716553e+00 0.000000000000000000e+00
7.320000000000000284e+01 2.224050269194338902e+00 0.000000000000000000e+00
7.329999999999999716e+01 2.276427435070482286e+00 0.000000000000000000e+00
7.340000000000000568e+01 9.696959006240957191e-01 0.000000000000000000e+00
7.350000000000000000e+01 2.632505432012435698e+00 0.000000000000000000e+00
7.360000000000000853e+01 1.707752578669979648e+00 0.000000000000000000e+00
7.370000000000000284e+01 1.860952716872033452e+00 0.000000000000000000e+00
7.379999999999999716e+01 1.533102237684259350e+00 0.000000000000000000e+00
7.390000000000000568e+01 1.627279817795211692e+00 0.000000000000000000e+00
7.400000000000000000e+01 1.443686289159224145e+00 0.000000000000000000e+00
7.410000000000000853e+01 1.440071918197897594e+00 0.000000000000000000e+00
7.420000000000000284e+01 1.295724124079333572e+00 0.000000000000000000e+00
7.429999999999999716e+01 1.089894831504600425e+00 0.000000000000000000e+00
7.440000000000000568e+01 9.133464854953482481e-01 0.000000000000000000e+00
7.450000000000000000e+01 1.469705326446153704e+00 0.000000000000000000e+00
7.460000000000000853e+01 1.065796888304678891e+00 0.000000000000000000e+00
7.470000000000000284e+01 8.743437703574952202e-01 0.000000000000000000e+00
7.479999999999999716e+01 -1.293881674226631251e-01 0.000000000000000000e+00
7.490000000000000568e+01 6.768421554496243386e-01 0.000000000000000000e+00
7.500000000000000000e+01 4.353942519527252974e-01 0.000000000000000000e+00
7.510000000000000853e+01 -5.732227075724456444e-01 0.000000000000000000e+00
7.520000000000000284e+01 3.140527941019665703e-01 0.000000000000000000e+00
7.529999999999999716e+01 -9.255628955157400028e-01 0.000000000000000000e+00
7.540000000000000568e+01 -1.626713286347112986e+00 0.000000000000000000e+00
7.550000000000000000e+01 -2.646831072065395363e-01 0.000000000000000000e+00
7.560000000000000853e+01 -9.764355502640289508e-01 0.000000000000000000e+00
7.570000000000000284e+01 -5.252093920783986736e-01 0.000000000000000000e+00
7.579999999999999716e+01 -1.488189005403614873e+00 0.000000000000000000e+00
7.590000000000000568e+01 -1.844389008315552747e+00 0.000000000000000000e+00
7.600000000000000000e+01 -7.090179387671000644e-01 0.000000000000000000e+00
7.610000000000000853e+01 -2.152166768484328419e+00 0.000000000000000000e+00
7.620000000000000284e+01 -2.366600827479115488e+00 0.000000000000000000e+00
7.629999999999999716e+01 -2.700815902378367106e+00 0.000000000000000000e+00
7.640000000000000568e+01 -3.300506263946748398e+00 0.000000000000000000e+00
7.650000000000000000e+01 -2.598924294847273053e+00 0.000000000000000000e+00
7.660000000000000853e+01 -3.347426981277252356e+00 0.000000000000000000e+00
7.670000000000000284e+01 -2.466718099128607733e+00 0.000000000000000000e+00
7.680000000000001137e+01 -3.751373846926263411e+00 0.000000000000000000e+00
7.690000000000000568e+01 -3.357911014410764672e+00 0.000000000000000000e+00
7.700000000000000000e+01 -1.811553506070984865e+00 0.000000000000000000e+00
7.710000000000000853e+01 -2.957816524637627786e+00 0.000000000000000000e+00
7.720000000000000284e+01 -3.240787054984171522e+00 0.000000000000000000e+00
7.730000000000001137e+01 -4.197864523309625007e+00 0.000000000000000000e+00
7.740000000000000568e+01 -3.615027015504752139e+00 0.000000000000000000e+00
7.750000000000000000e+01 -3.559692575841246764e+00 0.000000000000000000e+00
7.760000000000000853e+01 -4.468122988604295465e+00 0.000000000000000000e+00
7.770000000000000284e+01 -3.678786198841671240e+00 0.000000000000000000e+00
7.780000000000001137e+01 -3.221831313199679858e+00 0.000000000000000000e+00
7.790000000000000568e+01 -4.070958833552664302e+00 0.000000000000000000e+00
7.800000000000000000e+01 -4.082686947604227790e+00 0.000000000000000000e+00
7.810000000000000853e+01 -5.103318407796192169e+00 0.000000000000000000e+00
7.820000000000000284e+01 -4.892907757859419782e+00 0.000000000000000000e+00
7.830000000000001137e+01 -3.788704090216077347e+00 0.000000000000000000e+00
7.840000000000000568e+01 -4.784767087402640229e+00 0.000000000000000000e+00
7.850000000000000000e+01 -5.065023204323650496e+00 0.000000000000000000e+00
7.860000000000000853e+01 -5.098777774387663442e+00 0.000000000000000000e+00
7.870000000000000284e+01 -4.935287472664975361e+00 0.000000000000000000e+00
7.880000000000001137e+01 -5.636810015833724208e+00 0.000000000000000000e+00
7.890000000000000568e+01 -5.137687338622825450e+00 0.000000000000000000e+00
7.900000000000000000e+01 -6.012445619548515197e+00 0.000000000000000000e+00
7.910000000000000853e+01 -5.061888992512566965e+00 0.000000000000000000e+00
7.920000000000000284e+01 -6.076864226493880139e+00 0.000000000000000000e+00
7.930000000000001137e+01 -4.970136329125485197e+00 0.000000000000000000e+00
7.940000000000000568e+01 -5.700678216366418916e+00 0.000000000000000000e+00
7.950000000000000000e+01 -6.169688032231814390e+00 0.000000000000000000e+00
7.960000000000000853e+01 -5.331657684243618078e+00 0.000000000000000000e+00
7.970000000000000284e+01 -6.508786098951251375e+00 0.000000000000000000e+00
7.980000000000001137e+01 -6.127534998051626047e+00 0.000000000000000000e+00
7.990000000000000568e+01 -5.889422384770800711e+00 0.000000000000000000e+00
8.000000000000000000e+01 -5.992333225489945292e+00 0.000000000000000000e+00
8.010000000000000853e+01 -6.988515890504207739e+00 0.000000000000000000e+00
8.020000000000000284e+01 -6.509004687531636080e+00 0.000000000000000000e+00
8.030000000000001137e+01 -6.041448863153523696e+00 0.000000000000000000e+00
8.040000000000000568e+01 -6.873782683123732085e+00 0.000000000000000000e+00
8.050000000000000000e+01 -5.677856696755716470e+00 0.000000000000000000e+00
8.060000000000000853e+01 -6.166108091627667598e+00 0.000000000000000000e+00
8.070000000000000284e+01 -6.774466622144289296e+00 0.000000000000000000e+00
8.080000000000001137e+01 -6.727413462064467886e+00 0.000000000000000000e+00
8.090000000000000568e+01 -5.778017729404513858e+00 0.000000000000000000e+00
8.100000000000000000e+01 -6.319829391273136920e+00 0.000000000000000000e+00
8.110000000000000853e+01 -6.661050514279540202e+00 0.000000000000000000e+00
8.120000000000000284e+01 -7.604640991194293598e+00 0.000000000000000000e+00
8.130000000000001137e+01 -6.109692755888100457e+00 0.000000000000000000e+00
8.140000000000000568e+01 -6.408804249493495142e+00 0.000000000000000000e+00
8.150000000000000000e+01 -7.004982756326139537e+00 0.000000000000000000e+00
8.160000000000000853e+01 -7.190203314804062273e+00 0.000000000000000000e+00
8.170000000000000284e+01 -6.987013203310925569e+00 0.000000000000000000e+00
8.180000000000001137e+01 -7.469581368203215277e+00 0.000000000000000000e+00
8.190000000000000568e+01 -7.082030488396965140e+00 0.000000000000000000e+00
8.200000000000000000e+01 -6.449645007855433043e+00 0.000000000000000000e+00
8.210000000000000853e+01 -7.729337049379663149e+00 0.000000000000000000e+00
8.220000000000000284e+01 -6.988480647725491046e+00 0.000000000000000000e+00
8.230000000000001137e+01 -6.792565536941435944e+00 0.000000000000000000e+00
8.240000000000000568e+01 -6.826728301843896674e+00 0.000000000000000000e+00
8.250000000000000000e+01 -7.505721619607146344e+00 0.000000000000000000e+00
8.260000000000000853e+01 -7.550197704888599759e+00 0.000000000000000000e+00
8.270000000000000284e+01 -6.458188145033810557e+00 0.000000000000000000e+00
8.280000000000001137e+01 -7.654744948377235403e+00 0.000000000000000000e+00
8.290000000000000568e+01 -6.569289736250365053e+00 0.000000000000000000e+00
8.300000000000000000e+01 -7.333263927777383451e+00 0.000000000000000000e+00
8.310000000000000853e+01 -6.554828338039029312e+00 0.000000000000000000e+00
8.320000000000000284e+01 -7.290189221836973488e+00 0.000000000000000000e+00
8.330000000000001137e+01 -7.629624207112340351e+00 0.000000000000000000e+00
8.340000000000000568e+01 -6.567685790722447514e+00 0.000000000000000000e+00
8.350000000000000000e+01 -6.939475673661295474e+00 0.000000000000000000e+00
8.360000000000000853e+01 -6.130107552548745176e+00 0.000000000000000000e+00
8.370000000000000284e+01 -6.325071059760507097e+00 0.000000000000000000e+00
8.380000000000001137e+01 -6.800557979084312699e+00 0.000000000000000000e+00
8.390000000000000568e+01 -6.827905083897903182e+00 0.000000000000000000e+00
8.400000000000000000e+01 -6.515281439777227845e+00 0.000000000000000000e+00
8.410000000000000853e+01 -6.365605978744625304e+00 0.000000000000000000e+00
8.420000000000000284e+01 -6.847104551415596596e+00 0.000000000000000000e+00
8.430000000000001137e+01 -5.943049327394808401e+00 0.000000000000000000e+00
8.440000000000000568e+01 -6.531771343206340674e+00 0.000000000000000000e+00
8.450000000000000000e+01 -6.522585218665301277e+00 0.000000000000000000e+00
8.460000000000000853e+01 -6.564790010849538504e+00 0.000000000000000000e+00
8.470000000000000284e+01 -6.163384713575203122e+00 0.000000000000000000e+00
8.480000000000001137e+01 -6.605744658450120710e+00 0.000000000000000000e+00
8.490000000000000568e+01 -6.164826904969944898e+00 0.000000000000000000e+00
8.500000000000000000e+01 -4.809304293585356938e+00 0.000000000000000000e+00
8.510000000000000853e+01 -6.164278155147361105e+00 0.000000000000000000e+00
8.520000000000000284e+01 -6.282041486056971991e+00 0.000000000000000000e+00
8.530000000000001137e+01 -6.808709586355303323e+00 0.000000000000000000e+00
8.540000000000000568e+01 -5.842885965372258461e+00 0.000000000000000000e+00
8.550000000000000000e+01 -6.301481289659008667e+00 0.000000000000000000e+00
8.560000000000000853e+01 -5.802832010753991021e+00 0.000000000000000000e+00
8.570000000000000284e+01 -5.401139378886299802e+00 0.000000000000000000e+00
8.580000000000001137e+01 -6.202794121370410529e+00 0.000000000000000000e+00
8.590000000000000568e+01 -5.122068813705017654e+00 0.000000000000000000e+00
8.600000000000000000e+01 -4.919328187983524003e+00 0.000000000000000000e+00
8.610000000000000853e+01 -5.601406797795051240e+00 0.000000000000000000e+00
8.620000000000000284e+01 -5.042719715100607125e+00 0.000000000000000000e+00
8.630000000000001137e+01 -5.668560277371796907e+00 0.000000000000000000e+00
8.640000000000000568e+01 -3.884126809761257793e+00 0.000000000000000000e+00
8.650000000000000000e+01 -4.434885748828027552e+00 0.000000000000000000e+00
8.660000000000000853e+01 -4.624394953321437463e+00 0.000000000000000000e+00
8.670000000000000284e+01 -4.552596869139907909e+00 0.000000000000000000e+00
8.680000000000001137e+01 -3.838605960886470658e+00 0.000000000000000000e+00
8.690000000000000568e+01 -4.377441779654976273e+00 0.000000000000000000e+00
8.700000000000000000e+01 -4.079516383054661688e+00 0.000000000000000000e+00
8.710000000000000853e+01 -3.385603797596417053e+00 0.000000000000000000e+00
8.720000000000000284e+01 -4.201568057098054254e+00 0.000000000000000000e+00
8.730000000000001137e+01 -4.441521514416981731e+00 0.000000000000000000e+00
8.740000000000000568e+01 -4.158391816807070818e+00 0.000000000000000000e+00
8.750000000000000000e+01 -2.869414940189939589e+00 0.000000000000000000e+00
8.760000000000000853e+01 -3.365905089553813401e+00 0.000000000000000000e+00
8.770000000000000284e+01 -3.485326864402868985e+00 0.000000000000000000e+00
8.780000000000001137e+01 -2.569330761423702203e+00 0.000000000000000000e+00
8.790000000000000568e+01 -2.383311148458862050e+00 0.000000000000000000e+00
8.800000000000000000e+01 -2.954552382838619984e+00 0.000000000000000000e+00
8.810000000000000853e+01 -3.048653919719299221e+00 0.000000000000000000e+00
8.820000000000000284e+01 -3.207392530929817021e+00 0.000000000000000000e+00
8.830000000000001137e+01 -3.192532504405146021e+00 0.000000000000000000e+00
8.840000000000000568e+01 -2.314607289274708268e+00 0.000000000000000000e+00
8.850000000000000000e+01 -2.525970076733461411e+00 0.000000000000000000e+00
8.860000000000000853e+01 -1.054641848609360277e+00 0.000000000000000000e+00
8.870000000000000284e+01 -1.862080892530351806e+00 0.000000000000000000e+00
8.880000000000001137e+01 -2.768197284750748999e+00 0.000000000000000000e+00
8.890000000000000568e+01 -9.872566526775931051e-01 0.000000000000000000e+00
8.900000000000000000e+01 -1.504954683660730597e+00 0.000000000000000000e+00
8.910000000000000853e+01 -1.109103065901668739e+00 0.000000000000000000e+00
8.920000000000000284e+01 -9.811074769895653525e-01 0.000000000000000000e+00
8.930000000000001137e+01 -1.018719203604258272e+00 0.000000000000000000e+00
8.940000000000000568e+01 -7.356137835512162049e-01 0.000000000000000000e+00
8.950000000000000000e+01 -6.960657644182922654e-01 0.000000000000000000e+00
8.960000000000000853e+01 -1.178281381407772166e+00 0.000000000000000000e+00
8.970000000000000284e+01 -2.472565120629673929e-01 0.000000000000000000e+00
8.980000000000001137e+01 2.751164793630747063e-01 0.000000000000000000e+00
8.990000000000000568e+01 -1.534599458483509316e-01 0.000000000000000000e+00
9.000000000000000000e+01 4.060791116800962497e-01 0.000000000000000000e+00
9.010000000000000853e+01 5.063151157706936578e-01 0.000000000000000000e+00
9.020000000000000284e+01 1.355699246457475748e+00 0.000000000000000000e+00
9.030000000000001137e+01 4.575747736659870335e-01 0.000000000000000000e+00
9.040000000000000568e+01 5.596952857594550412e-01 0.000000000000000000e+00
9.050000000000000000e+01 7.569802302097614621e-01 0.000000000000000000e+00
9.060000000000000853e+01 8.654806224971439699e-01 0.000000000000000000e+00
9.070000000000000284e+01 -1.226386811112631925e-01 0.000000000000000000e+00
9.080000000000001137e+01 7.897830033082395840e-01 0.000000000000000000e+00
9.090000000000000568e+01 1.363446535714895047e+00 0.000000000000000000e+00
9.100000000000000000e+01 1.320825575745168790e+00 0.000000000000000000e+00
9.110000000000000853e+01 1.048862909687888978e+00 0.000000000000000000e+00
9.120000000000000284e+01 1.253695945672754775e+00 0.000000000000000000e+00
9.130000000000001137e+01 1.560215892847723662e+00 0.000000000000000000e+00
9.140000000000000568e+01 1.502484224391722245e+00 0.000000000000000000e+00
9.150000000000000000e+01 1.822846797993350698e+00 0.000000000000000000e+00
9.160000000000000853e+01 1.993027942331990987e+00 0.000000000000000000e+00
9.170000000000000284e+01 2.896600780127305264e+00 0.000000000000000000e+00
9.180000000000001137e+01 3.141360806034474429e+00 0.000000000000000000e+00
9.190000000000000568e+01 3.277566852020103561e+00 0.000000000000000000e+00
9.200000000000000000e+01 3.190935403763420108e+00 0.000000000000000000e+00
9.210000000000000853e+01 2.776217402736889106e+00 0.000000000000000000e+00
9.220000000000000284e+01 3.747105117684899067e+00 0.000000000000000000e+00
9.230000000000001137e+01 3.230363239890001736e+00 0.000000000000000000e+00
9.240000000000000568e+01 3.503754286660102579e+00 0.000000000000000000e+00
9.250000000000000000e+01 4.252857123374852222e+00 0.000000000000000000e+00
9.260000000000000853e+01 3.707529018776584806e+00 0.000000000000000000e+00
9.270000000000000284e+01 3.865518554400788176e+00 0.000000000000000000e+00
9.280000000000001137e+01 3.111057798733932955e+00 0.000000000000000000e+00
9.290000000000000568e+01 4.140334421016396149e+00 0.000000000000000000e+00
9.300000000000000000e+01 3.494065439750845492e+00 0.000000000000000000e+00
9.310000000000000853e+01 4.588240028232431378e+00 0.000000000000000000e+00
9.320000000000000284e+01 4.100991234968200949e+00 0.000000000000000000e+00
9.330000000000001137e+01 3.199467219921630967e+00 0.000000000000000000e+00
9.340000000000000568e+01 4.274981712830715708e+00 0.000000000000000000e+00
9.350000000000000000e+01 4.486150117959488703e+00 0.000000000000000000e+00
9.360000000000000853e+01 4.995223829441010288e+00 0.000000000000000000e+00
9.370000000000000284e+01 5.241810604488138736e+00 0.000000000000000000e+00
9.380000000000001137e+01 4.893719938040234751e+00 0.000000000000000000e+00
9.390000000000000568e+01 5.707379689034880244e+00 0.000000000000000000e+00
9.400000000000000000e+01 3.748914116660533313e+00 0.000000000000000000e+00
9.410000000000000853e+01 5.091894494537827498e+00 0.000000000000000000e+00
9.420000000000000284e+01 4.992154202405468588e+00 0.000000000000000000e+00
9.430000000000001137e+01 5.003178733299089131e+00 0.000000000000000000e+00
9.440000000000000568e+01 6.175515075661497377e+00 0.000000000000000000e+00
9.450000000000000000e+01 6.161451017546621500e+00 0.000000000000000000e+00
9.460000000000000853e+01 5.399502978829666233e+00 0.000000000000000000e+00
9.470000000000000284e+01 6.410566161379677830e+00 0.000000000000000000e+00
9.480000000000001137e+01 5.904735621769127363e+00 0.000000000000000000e+00
9.490000000000000568e+01 5.678542571077914047e+00 0.000000000000000000e+00
9.500000000000000000e+01 5.585288425659634015e+00 0.000000000000000000e+00
9.510000000000000853e+01 5.595087293087358304e+00 0.000000000000000000e+00
9.520000000000000284e+01 6.285068844949719846e+00 0.000000000000000000e+00
9.530000000000001137e+01 6.450643484848740172e+00 0.000000000000000000e+00
9.540000000000000568e+01 6.333087509537732807e+00 0.000000000000000000e+00
9.550000000000000000e+01 5.285962507397091059e+00 0.000000000000000000e+00
9.560000000000000853e+01 6.561877864047113817e+00 0.000000000000000000e+00
9.570000000000000284e+01 6.800044708808170135e+00 0.000000000000000000e+00
9.580000000000001137e+01 6.282664426682207370e+00 0.000000000000000000e+00
9.590000000000000568e+01 6.730425062769596067e+00 0.000000000000000000e+00
9.600000000000000000e+01 5.855881467060921608e+00 0.000000000000000000e+00
9.610000000000000853e+01 6.236175555872740084e+00 0.000000000000000000e+00
9.620000000000000284e+01 6.734763931856891261e+00 0.000000000000000000e+00
9.630000000000001137e+01 6.769622843203019436e+00 0.000000000000000000e+00
9.640000000000000568e+01 7.110844469805284618e+00 0.000000000000000000e+00
9.650000000000000000e+01 6.337317369281498358e+00 0.000000000000000000e+00
9.660000000000000853e+01 6.744751247889333001e+00 0.000000000000000000e+00
9.670000000000000284e+01 6.648171343715833181e+00 0.000000000000000000e+00
9.680000000000001137e+01 7.132618264759335247e+00 0.000000000000000000e+00
9.690000000000000568e+01 7.557159093727457311e+00 0.000000000000000000e+00
9.700000000000000000e+01 7.691685424837726437e+00 0.000000000000000000e+00
9.710000000000000853e+01 6.041306387342700646e+00 0.000000000000000000e+00
9.720000000000000284e+01 6.807436364729125167e+00 0.000000000000000000e+00
9.730000000000001137e+01 6.293178868258967995e+00 0.000000000000000000e+00
9.740000000000000568e+01 6.846139844762436866e+00 0.000000000000000000e+00
9.750000000000000000e+01 7.127712782398408997e+00 0.000000000000000000e+00
9.760000000000000853e+01 6.999866708576775842e+00 0.000000000000000000e+00
9.770000000000000284e+01 6.978264986865774233e+00 0.000000000000000000e+00
9.780000000000001137e+01 7.783999989351743309e+00 0.000000000000000000e+00
9.790000000000000568e+01 7.434109910256534448e+00 0.000000000000000000e+00
9.800000000000000000e+01 6.955754039454244086e+00 0.000000000000000000e+00
9.810000000000000853e+01 7.106832193637143469e+00 0.000000000000000000e+00
9.820000000000000284e+01 7.515098872529166307e+00 0.000000000000000000e+00
9.830000000000001137e+01 7.351283799823827181e+00 0.000000000000000000e+00
9.840000000000000568e+01 6.783425167068762640e+00 0.000000000000000000e+00
9.850000000000000000e+01 6.043158641994423874e+00 0.000000000000000000e+00
9.860000000000000853e+01 6.262067098824624978e+00 0.000000000000000000e+00
9.870000000000000284e+01 6.844160714836181825e+00 0.000000000000000000e+00
9.880000000000001137e+01 5.792581238272910049e+00 0.000000000000000000e+00
9.890000000000000568e+01 6.526874034058201879e+00 0.000000000000000000e+00
9.900000000000000000e+01 6.300183023327088350e+00 0.000000000000000000e+00
9.910000000000000853e+01 6.960337389197813529e+00 0.000000000000000000e+00
9.920000000000000284e+01 5.747208376311964351e+00 0.000000000000000000e+00
9.930000000000001137e+01 5.398134624456603525e+00 0.000000000000000000e+00
9.940000000000000568e+01 6.123269226496089068e+00 0.000000000000000000e+00
9.950000000000000000e+01 6.628452911885407417e+00 0.000000000000000000e+00
9.960000000000000853e+01 6.829405141626966547e+00 0.000000000000000000e+00
9.970000000000000284e+01 5.824229838966920703e+00 0.000000000000000000e+00
9.980000000000001137e+01 6.494850231387776063e+00 0.000000000000000000e+00
9.990000000000000568e+01 5.676596736083916461e+00 0.000000000000000000e+00
1.000000000000000000e+02 5.818192096351567422e+00 0.000000000000000000e+00
